Trading Strategy Performance Summary
========================================================================================================================
+-----------+------------+-----------+------------+------------+------------+------------+----------------+------------+--------------+---------------+---------+
| Company   |   Final($) |   Return% |   Ann.Ret% |   BaH.Ret% |   BaH.Ann% |   OutPerf% |   Ann.OutPerf% |   Success% |   Ann.Trades |   Avg.Profit% |   Idle% |
+===========+============+===========+============+============+============+============+================+============+==============+===============+=========+
| IBM       |   27961.83 |    179.62 |      16.08 |     111.81 |      11.50 |      67.81 |           4.58 |      78.05 |         5.90 |          2.25 |   57.23 |
+-----------+------------+-----------+------------+------------+------------+------------+----------------+------------+--------------+---------------+---------+
| XOM       |   19646.03 |     96.46 |      10.29 |      57.52 |       6.81 |      38.94 |           3.48 |      69.23 |         5.70 |          1.59 |   53.57 |
+-----------+------------+-----------+------------+------------+------------+------------+----------------+------------+--------------+---------------+---------+
| CVX       |   27115.29 |    171.15 |      15.56 |     135.74 |      13.24 |      35.41 |           2.32 |      73.33 |         6.50 |          1.82 |   58.94 |
+-----------+------------+-----------+------------+------------+------------+------------+----------------+------------+--------------+---------------+---------+
| KO        |   24025.53 |    140.26 |      13.55 |     129.88 |      12.83 |      10.37 |           0.72 |      86.05 |         6.20 |          1.90 |   58.54 |
+-----------+------------+-----------+------------+------------+------------+------------+----------------+------------+--------------+---------------+---------+
| MRK       |   20426.61 |    104.27 |      10.91 |      97.09 |      10.34 |       7.18 |           0.57 |      73.17 |         5.90 |          1.30 |   59.37 |
+-----------+------------+-----------+------------+------------+------------+------------+----------------+------------+--------------+---------------+---------+
| GE        |   12204.50 |     22.04 |       2.93 |      18.66 |       2.51 |       3.38 |           0.42 |      61.70 |         6.80 |         -0.38 |   55.48 |
+-----------+------------+-----------+------------+------------+------------+------------+----------------+------------+--------------+---------------+---------+
| GS        |   13653.06 |     36.53 |       4.62 |      34.43 |       4.38 |       2.10 |           0.23 |      63.83 |         6.80 |         -0.54 |   49.76 |
+-----------+------------+-----------+------------+------------+------------+------------+----------------+------------+--------------+---------------+---------+
| TRV       |   29019.59 |    190.20 |      16.71 |     194.20 |      16.94 |      -4.01 |          -0.23 |      71.79 |         5.70 |          2.34 |   53.06 |
+-----------+------------+-----------+------------+------------+------------+------------+----------------+------------+--------------+---------------+---------+
| WMT       |   18146.27 |     81.46 |       9.03 |      84.20 |       9.26 |      -2.73 |          -0.24 |      68.75 |         4.60 |          1.70 |   49.84 |
+-----------+------------+-----------+------------+------------+------------+------------+----------------+------------+--------------+---------------+---------+
| AXP       |   12613.84 |     26.14 |       3.42 |      44.48 |       5.48 |     -18.34 |          -2.06 |      68.09 |         6.80 |         -0.32 |   52.58 |
+-----------+------------+-----------+------------+------------+------------+------------+----------------+------------+--------------+---------------+---------+
| PG        |   14729.60 |     47.30 |       5.78 |      75.30 |       8.48 |     -28.01 |          -2.70 |      77.78 |         3.90 |          1.22 |   61.64 |
+-----------+------------+-----------+------------+------------+------------+------------+----------------+------------+--------------+---------------+---------+
| INTC      |   19643.01 |     96.43 |      10.29 |     143.37 |      13.77 |     -46.94 |          -3.48 |      68.75 |         4.60 |          1.62 |   68.90 |
+-----------+------------+-----------+------------+------------+------------+------------+----------------+------------+--------------+---------------+---------+
| JPM       |   17717.85 |     77.18 |       8.65 |     128.38 |      12.72 |     -51.20 |          -4.07 |      67.44 |         6.20 |         -0.10 |   55.24 |
+-----------+------------+-----------+------------+------------+------------+------------+----------------+------------+--------------+---------------+---------+
| MCD       |   29615.01 |    196.15 |      17.05 |     279.30 |      21.33 |     -83.15 |          -4.28 |      80.43 |         6.70 |          2.29 |   50.48 |
+-----------+------------+-----------+------------+------------+------------+------------+----------------+------------+--------------+---------------+---------+
| MSFT      |   20174.86 |    101.75 |      10.71 |     164.63 |      15.16 |     -62.88 |          -4.44 |      74.36 |         5.70 |          1.49 |   53.89 |
+-----------+------------+-----------+------------+------------+------------+------------+----------------+------------+--------------+---------------+---------+
| UTX       |   16310.21 |     63.10 |       7.35 |     120.10 |      12.12 |     -57.00 |          -4.77 |      73.81 |         6.10 |          0.84 |   58.86 |
+-----------+------------+-----------+------------+------------+------------+------------+----------------+------------+--------------+---------------+---------+
| BA        |   15530.12 |     55.30 |       6.59 |     124.07 |      12.41 |     -68.77 |          -5.82 |      72.50 |         5.80 |          0.66 |   60.01 |
+-----------+------------+-----------+------------+------------+------------+------------+----------------+------------+--------------+---------------+---------+
| JNJ       |   15674.06 |     56.74 |       6.73 |     136.00 |      13.26 |     -79.26 |          -6.53 |      74.29 |         5.10 |          1.15 |   63.94 |
+-----------+------------+-----------+------------+------------+------------+------------+----------------+------------+--------------+---------------+---------+
| MMM       |   19708.38 |     97.08 |      10.34 |     196.04 |      17.05 |     -98.96 |          -6.71 |      73.68 |         5.50 |          1.49 |   60.96 |
+-----------+------------+-----------+------------+------------+------------+------------+----------------+------------+--------------+---------------+---------+
| CSCO      |    7953.99 |    -20.46 |      -3.27 |      27.33 |       3.57 |     -47.79 |          -6.83 |      60.00 |         2.20 |         -2.52 |   54.49 |
+-----------+------------+-----------+------------+------------+------------+------------+----------------+------------+--------------+---------------+---------+
| HD        |   20904.87 |    109.05 |      11.29 |     325.60 |      23.37 |    -216.55 |         -12.09 |      78.79 |         4.80 |          1.76 |   72.84 |
+-----------+------------+-----------+------------+------------+------------+------------+----------------+------------+--------------+---------------+---------+
| UNH       |   15592.85 |     55.93 |       6.65 |     239.17 |      19.38 |    -183.25 |         -12.72 |      72.41 |         8.40 |          0.24 |   59.73 |
+-----------+------------+-----------+------------+------------+------------+------------+----------------+------------+--------------+---------------+---------+
| DD        |    8976.07 |    -10.24 |      -1.55 |     122.68 |      12.31 |    -132.92 |         -13.86 |      61.54 |         5.70 |         -0.87 |   64.69 |
+-----------+------------+-----------+------------+------------+------------+------------+----------------+------------+--------------+---------------+---------+
| NKE       |   21336.91 |    113.37 |      11.62 |     378.45 |      25.48 |    -265.08 |         -13.87 |      88.89 |         2.60 |          3.95 |   77.76 |
+-----------+------------+-----------+------------+------------+------------+------------+----------------+------------+--------------+---------------+---------+
| CAT       |    6858.21 |    -31.42 |      -5.32 |     101.01 |      10.66 |    -132.43 |         -15.98 |      60.78 |         7.40 |         -1.43 |   56.43 |
+-----------+------------+-----------+------------+------------+------------+------------+----------------+------------+--------------+---------------+---------+
| VZ        |    8266.54 |    -17.33 |      -2.72 |     147.41 |      14.04 |    -164.75 |         -16.76 |       0.00 |         0.10 |        -20.94 |   82.37 |
+-----------+------------+-----------+------------+------------+------------+------------+----------------+------------+--------------+---------------+---------+
| PFE       |    5980.09 |    -40.20 |      -7.18 |      87.94 |       9.58 |    -128.14 |         -16.77 |      25.00 |         0.60 |        -14.01 |   81.14 |
+-----------+------------+-----------+------------+------------+------------+------------+----------------+------------+--------------+---------------+---------+
| DIS       |   10708.16 |      7.08 |       1.00 |     257.59 |      20.30 |    -250.51 |         -19.30 |      65.71 |         5.10 |         -0.28 |   63.22 |
+-----------+------------+-----------+------------+------------+------------+------------+----------------+------------+--------------+---------------+---------+
| AAPL      |   30482.31 |    204.82 |      17.54 |     962.05 |      40.87 |    -757.22 |         -23.32 |      74.36 |         5.70 |          1.91 |   53.53 |
+-----------+------------+-----------+------------+------------+------------+------------+----------------+------------+--------------+---------------+---------+