Trading Strategy Performance Summary
========================================================================================================================
+-----------+------------+-----------+------------+------------+------------+------------+----------------+------------+--------------+---------------+---------+
| Company   |   Final($) |   Return% |   Ann.Ret% |   BaH.Ret% |   BaH.Ann% |   OutPerf% |   Ann.OutPerf% |   Success% |   Ann.Trades |   Avg.Profit% |   Idle% |
+===========+============+===========+============+============+============+============+================+============+==============+===============+=========+
| CVX       |   27184.86 |    171.85 |      15.61 |     135.74 |      13.24 |      36.10 |           2.36 |      76.09 |         6.70 |          1.85 |   59.41 |
+-----------+------------+-----------+------------+------------+------------+------------+----------------+------------+--------------+---------------+---------+
| BA        |   20396.12 |    103.96 |      10.89 |     124.07 |      12.41 |     -20.11 |          -1.52 |      72.73 |         6.40 |          1.19 |   58.38 |
+-----------+------------+-----------+------------+------------+------------+------------+----------------+------------+--------------+---------------+---------+
| AXP       |   12636.59 |     26.37 |       3.45 |      44.48 |       5.48 |     -18.11 |          -2.03 |      68.09 |         6.80 |         -0.32 |   52.62 |
+-----------+------------+-----------+------------+------------+------------+------------+----------------+------------+--------------+---------------+---------+
| CSCO      |    7953.99 |    -20.46 |      -3.27 |      27.33 |       3.57 |     -47.79 |          -6.83 |      60.00 |         2.20 |         -2.52 |   54.49 |
+-----------+------------+-----------+------------+------------+------------+------------+----------------+------------+--------------+---------------+---------+
| DD        |    7300.84 |    -26.99 |      -4.46 |     122.68 |      12.31 |    -149.67 |         -16.77 |      60.47 |         6.20 |         -1.26 |   65.93 |
+-----------+------------+-----------+------------+------------+------------+------------+----------------+------------+--------------+---------------+---------+
| CAT       |    6343.95 |    -36.56 |      -6.39 |     101.01 |      10.66 |    -137.57 |         -17.04 |      59.62 |         7.50 |         -1.56 |   56.24 |
+-----------+------------+-----------+------------+------------+------------+------------+----------------+------------+--------------+---------------+---------+
| DIS       |    9813.23 |     -1.87 |      -0.27 |     257.59 |      20.30 |    -259.46 |         -20.57 |      65.71 |         5.10 |         -0.51 |   63.98 |
+-----------+------------+-----------+------------+------------+------------+------------+----------------+------------+--------------+---------------+---------+
| AAPL      |   22137.60 |    121.38 |      12.21 |     962.05 |      40.87 |    -840.67 |         -28.65 |      75.61 |         5.90 |          1.13 |   58.54 |
+-----------+------------+-----------+------------+------------+------------+------------+----------------+------------+--------------+---------------+---------+
| AAPL      |   22137.60 |    121.38 |      12.21 |     962.05 |      40.87 |    -840.67 |         -28.65 |      75.61 |         5.90 |          1.13 |   58.54 |
+-----------+------------+-----------+------------+------------+------------+------------+----------------+------------+--------------+---------------+---------+
| AAPL      |   22137.60 |    121.38 |      12.21 |     962.05 |      40.87 |    -840.67 |         -28.65 |      75.61 |         5.90 |          1.13 |   58.54 |
+-----------+------------+-----------+------------+------------+------------+------------+----------------+------------+--------------+---------------+---------+